30 50
-18 14 -43 71 78 -28 88 57 27 91 76 24 31 70 -57 15 -34 -48 32 18 3 -67 -37 -79 30 -100 48 -53 -2 95 17 99 67 89 -76 68 69 -62 15 65 62 -87 51 86 -33 94 -67 -26 -87 -60 
48 51 67 -40 -55 55 14 84 -94 -50 95 -19 -17 -2 65 43 -65 75 -59 -54 -20 76 -53 -40 86 97 11 63 -74 -6 -97 -52 53 30 -52 75 -75 70 43 -62 -72 -77 -48 80 -65 99 -76 -70 50 -68 
74 38 1 -91 73 -33 -55 54 5 30 43 1 0 54 -98 -30 -81 -36 14 -2 87 50 41 0 43 57 24 61 -91 -29 -26 -94 -86 -37 -21 -23 80 2 63 36 -57 -38 -27 69 95 44 -91 18 78 80 
20 -69 72 12 -36 -23 -63 64 55 -11 75 -72 50 -16 -41 -24 -66 -21 -24 44 24 11 45 -20 -92 9 24 87 60 -83 -71 -65 47 -28 -39 -3 30 39 33 83 -47 39 98 -70 -45 -69 -2 12 73 -38 
28 23 70 -64 67 51 -89 81 -74 56 -6 74 -66 -95 10 97 20 -49 16 47 25 -74 -22 -50 -29 -82 -53 0 84 -100 19 -21 52 47 25 2 -81 -81 25 -22 64 -82 89 -85 -79 -2 -96 -59 46 -47 
87 -10 -54 1 32 16 -64 55 -3 -37 -12 97 -3 3 42 -47 -89 69 35 -20 -73 -100 56 55 -29 36 45 -52 -4 41 63 73 -43 -51 -7 42 50 73 -67 16 -90 -12 -55 -64 -32 12 97 -92 16 17 
-93 -86 -10 -66 -42 43 -14 64 -66 -38 -48 -70 70 22 -28 -52 -33 -100 90 92 -58 77 59 -88 17 -9 29 -81 10 58 13 33 -14 62 -66 -45 -100 -70 -13 60 -52 49 -56 -56 -58 -70 59 -2 57 91 
11 24 81 -52 -93 38 64 -91 44 -4 94 93 -41 -47 48 14 -11 83 12 2 -4 40 99 15 19 84 -45 -54 57 74 31 84 -63 26 69 97 -65 -32 -90 11 -74 82 -34 -39 40 40 -64 -95 -46 -12 
-72 15 -22 -10 42 31 15 18 40 31 8 27 23 -30 80 46 61 -100 97 91 -35 48 -8 -67 78 22 86 23 67 -36 -20 22 -82 79 18 55 -34 -16 -27 65 -63 -45 -48 -53 -86 -88 -55 63 91 -85 
73 34 -42 66 5 57 97 59 -35 99 -22 -46 -83 -44 -64 46 35 94 31 58 -77 -34 86 72 28 16 -33 -27 -27 -40 38 78 62 54 -39 -84 -71 64 -68 -94 -97 -7 29 -34 -81 -67 19 -88 2 20 
54 -1 -13 -54 -2 73 -63 -78 -29 -21 -3 37 80 33 -58 -79 64 -6 -66 9 62 38 -16 -65 -56 12 -62 64 -41 -39 -98 61 17 17 -22 22 83 -4 89 23 -62 -51 4 -38 -11 35 -90 -51 -13 30 
-73 -46 14 64 -99 51 -33 61 -39 38 -28 66 -24 87 76 60 78 98 94 12 16 23 57 93 -14 -12 -80 70 -79 37 -70 44 -89 -2 -88 28 -25 65 52 33 -71 70 85 99 -82 14 -78 50 -90 -28 
80 66 -54 -91 -11 98 -87 -57 23 24 -95 -86 -56 -29 -97 -55 -70 41 -8 -84 -49 76 -5 5 -18 54 59 -97 -78 -7 -4 -99 -94 -82 -27 -5 -85 -19 77 -13 94 -53 71 -55 97 78 20 23 29 81 
45 72 98 29 73 94 -93 33 16 56 10 -78 -45 -54 -67 89 4 87 -53 -2 -47 -44 -79 87 -58 -98 56 36 13 18 -31 60 0 2 -95 -63 32 -7 13 -94 -72 -37 2 -54 34 -34 62 -43 54 -70 
23 6 -88 -38 -36 -64 -50 -3 9 87 -19 -63 28 -91 -96 -39 -15 43 -48 -2 39 -26 62 81 12 -99 -85 -80 62 -20 13 80 -69 -16 59 -70 59 29 -1 4 -14 4 -9 -78 -41 39 -65 -55 30 73 
-84 -17 -87 9 23 50 -47 78 -48 -57 79 98 36 -88 23 3 22 10 -60 -79 -65 -40 -89 -76 47 93 42 -71 8 -16 -70 4 -78 -65 19 54 -43 9 34 -73 17 51 34 68 -10 -15 76 -25 96 47 
16 7 -70 6 -88 98 -80 69 -91 -100 -36 -74 67 -15 83 35 -43 -51 -40 -11 88 15 62 93 -49 -41 -17 -99 93 1 -34 -76 2 -14 -69 36 2 38 -72 59 34 86 -36 53 -59 -18 51 -44 35 -70 
53 29 57 56 -91 -12 -90 49 -85 -65 86 50 -37 -92 -37 -14 -48 0 96 10 -64 78 -68 65 -71 84 -42 -25 -28 31 -82 -80 77 93 8 -25 -88 44 9 -10 30 -81 34 41 5 -3 31 -51 -64 -67 
-39 33 -82 49 -4 -85 4 -49 95 -19 62 85 92 -77 -92 33 88 0 -82 -19 -93 -29 41 86 -25 -10 17 -67 -14 66 -62 -16 -43 -17 -26 -16 -92 -10 94 24 78 -59 45 71 -11 13 -89 47 65 12 
39 48 67 -88 97 -14 -46 -25 -37 56 28 -89 -81 -40 -84 30 89 -72 11 4 3 49 48 39 33 -3 73 -1 -39 -41 -24 -28 -74 21 43 80 20 38 -37 -50 75 -81 -83 -88 -46 -71 -19 10 16 41 
-16 2 -20 37 -10 25 42 20 -14 -36 44 31 18 70 -76 -50 -46 38 5 -32 -92 46 23 88 73 19 78 -70 76 90 -62 64 75 -23 7 85 -85 9 -91 -12 11 -92 -8 79 -75 -21 -85 98 76 -53 
35 -45 37 48 -87 -2 8 -29 68 -41 -28 61 43 -98 99 -52 -60 17 16 55 35 32 20 79 -56 -30 8 -81 33 -39 11 -22 51 -98 -29 42 -73 9 -16 -98 -59 79 -42 90 -46 -38 -22 -59 38 -97 
66 -20 -66 60 -34 36 17 45 76 -68 -9 0 91 -37 76 -89 -34 -98 -25 -79 15 21 78 83 27 84 -74 -64 -68 -68 -92 89 -41 -70 -54 64 -76 66 -9 -60 26 40 66 -78 82 -17 37 16 0 33 
-69 -36 -31 -13 -62 -95 67 -89 33 -14 -35 19 -16 18 59 52 77 -42 85 -22 68 -46 78 -91 67 60 63 -74 -45 35 24 73 99 83 -56 92 -36 -18 -86 85 -32 -23 -40 -15 -75 30 -13 -64 -49 4 
15 -62 -77 -62 54 44 93 -16 -4 50 23 -23 -47 -15 57 75 72 -58 55 -92 -98 -73 5 75 24 -6 59 51 45 36 -79 55 -93 38 -51 87 79 -24 98 -85 -80 31 -11 12 -93 -17 37 86 31 80 
-71 58 -73 26 -64 44 -18 -31 -16 -43 0 50 16 -10 -97 -72 51 28 92 24 -14 -95 -74 98 42 -36 -68 -23 84 -34 3 -3 -28 -81 95 -72 -57 57 93 -41 56 -16 49 -71 83 -54 28 -74 14 37 
43 -68 -61 -54 11 1 -70 88 34 -32 -72 40 -42 -82 70 47 -93 33 97 59 9 70 27 -73 11 -58 -33 -62 -16 -2 -98 -13 -72 -68 -83 41 -30 -10 -38 -85 38 -4 21 -96 78 -63 -77 34 -64 -5 
-41 93 -56 85 -67 89 -52 7 54 47 -76 45 -5 -96 -65 -76 -74 -91 94 58 -36 40 -16 -27 -50 27 62 -45 -100 13 -64 40 81 -4 -98 -44 33 -28 -68 -2 2 -87 68 -37 41 -73 29 56 -96 -80 
15 63 -43 -42 -22 45 58 55 86 -42 -75 18 -40 -8 -27 77 -5 20 -1 -2 -100 96 -87 -36 91 65 21 -13 -43 -47 91 -99 -81 -86 -30 86 -91 68 35 -42 -89 54 94 -66 -93 72 80 -51 54 39 
-19 -89 -61 99 58 39 -18 -42 47 59 2 -13 86 29 -25 -78 14 -57 40 13 -98 -14 -79 59 35 -7 92 -23 88 54 30 -51 -62 32 -67 64 -67 32 -10 57 42 37 45 21 -82 -84 -47 66 19 -97 
