50 40
-12 -60 -26 79 -51 35 30 -39 -69 -31 92 99 -43 -34 -82 -51 -77 29 -61 19 -96 -76 19 -25 -23 -28 -88 -62 5 -9 -16 -37 -34 -59 15 95 46 67 28 14 
27 0 85 -20 -52 -48 -75 -22 69 -48 82 -94 -77 -98 63 27 23 -61 -21 68 54 42 -75 40 -54 10 6 84 -70 -14 -22 18 -58 -97 -49 69 64 32 70 87 
39 -33 0 36 67 71 -69 -50 45 55 10 -11 -31 37 93 23 -58 11 89 79 -6 89 33 -79 76 8 12 -16 17 89 -63 49 -56 -47 -81 -18 -57 3 12 44 
80 -8 98 3 74 -78 82 -6 -58 -26 74 -72 15 -41 -12 -67 -84 94 -83 -43 -34 83 -60 25 -97 57 36 50 88 -57 43 -35 26 60 -22 -31 67 -99 10 -66 
-72 6 45 21 67 -78 -77 0 52 -99 -4 -40 95 -8 10 -3 -36 22 -60 46 56 -96 -97 -94 -52 -28 70 93 19 12 77 21 -81 87 47 -4 -100 -81 -85 -72 
-36 -64 -98 -77 -62 -39 -48 -30 -22 67 29 -21 -45 -12 35 27 -85 25 33 57 32 -52 1 40 -50 52 -61 -17 -89 46 -85 -68 -13 3 19 -95 60 -67 16 53 
-20 -17 -80 -37 49 -53 11 7 68 63 -88 98 68 39 56 -20 47 -38 -26 -47 -22 20 44 83 98 49 98 30 -9 -35 -8 -37 -16 -4 -82 48 41 48 61 30 
73 98 -55 52 18 99 6 -4 -21 -86 67 -50 -25 -36 -23 -29 16 15 84 -24 68 28 -55 -44 -76 59 -1 81 92 -79 -84 21 59 65 -16 -59 52 63 83 52 
-11 77 78 -21 -71 58 -47 74 -88 -49 54 60 56 -14 -71 64 60 -61 -58 67 57 55 -52 -66 66 60 -17 46 -13 52 -28 67 63 -12 -98 66 -95 21 -69 40 
-43 -2 55 -36 -77 38 89 -2 -16 55 53 -79 77 12 -7 46 63 69 95 97 -51 -17 -87 -55 -82 -22 80 -44 -14 84 49 26 89 -29 -38 -13 -34 7 -41 86 
-38 -94 -81 14 -14 -29 87 98 -69 -65 59 -91 -87 53 -20 56 10 -25 -56 18 -16 -46 95 -42 85 -3 63 62 -94 -43 32 51 -63 -20 -94 53 11 53 19 5 
-22 76 -20 -1 21 28 64 75 -88 -85 72 88 89 -54 5 8 49 81 -45 -94 -38 -39 -22 37 -18 -17 -34 35 8 -17 -55 34 12 -47 99 8 -76 -35 -20 -58 
32 45 -84 27 27 -45 -38 96 59 10 -47 -82 -50 -53 42 25 -90 -76 36 -81 84 -35 -59 53 -15 96 -41 59 -59 88 42 66 56 -45 68 -12 35 -48 -50 3 
96 -98 -5 -90 54 81 -73 -81 -91 20 -16 -65 53 72 -62 -60 -57 -43 57 68 -90 -38 29 51 68 52 14 5 -33 -10 -35 28 -100 2 37 19 -75 4 88 39 
-29 79 59 94 -20 96 2 -29 86 85 85 61 32 24 -57 -29 56 -44 64 19 37 -49 -86 19 -55 -39 -91 57 -41 -99 -83 37 -24 14 11 94 90 -21 62 80 
91 19 -20 -12 -59 -97 58 71 64 -42 9 74 97 5 74 21 21 -69 -72 20 -19 -92 -73 99 60 -38 -71 16 -59 -39 33 -50 -80 82 1 66 88 23 -68 -79 
25 27 16 52 -29 -38 -54 -63 -64 -84 -3 1 -21 -95 -39 -47 -4 64 -96 -48 -18 -62 -42 -89 -67 -77 -62 -52 83 26 85 73 59 -22 88 35 -19 -55 74 41 
-53 -92 97 -49 -35 75 95 77 34 28 54 79 24 -45 60 42 -60 83 -29 41 58 -69 -35 -56 -49 -58 55 -52 3 -88 66 -38 -5 23 59 -14 -41 9 -65 -68 
-86 45 -58 -93 -10 24 -11 -64 -77 19 -18 47 14 -96 -43 -26 -4 -7 -36 62 99 39 13 -36 -5 -63 69 95 1 6 -87 11 85 56 5 31 -97 -60 -60 -91 
60 89 -47 18 55 -70 63 47 42 -37 71 -56 45 -47 -38 -7 62 -63 -90 -16 53 -53 -37 0 -36 -34 -14 97 35 -72 44 12 -76 1 -24 82 -80 -71 90 68 
62 -27 0 78 -58 -59 -11 -63 77 -15 84 84 -32 27 61 -74 -16 3 -37 -45 86 37 86 -73 -69 32 -70 -35 77 72 -29 99 -75 -68 6 -57 -50 -92 -53 -96 
-29 -14 -30 18 36 -95 1 -8 88 14 -32 11 96 -34 28 67 -33 72 69 -14 35 -69 -81 49 -27 70 -23 -19 -9 30 64 -20 -50 3 31 -59 -97 -73 -90 -66 
78 -20 33 -12 39 54 -47 25 -1 -93 -94 31 40 -80 -56 69 71 -47 51 25 31 93 41 27 30 23 -70 -94 35 -98 -65 65 -92 11 57 -74 -77 66 -68 -84 
-1 -61 -79 -14 95 69 78 85 63 69 37 -46 37 98 47 1 -84 89 -54 35 31 -91 7 -33 -19 -72 -56 -14 -75 -57 -62 55 22 30 -89 -4 94 -55 54 11 
95 7 13 -15 -65 -26 82 -25 -16 -72 15 95 -84 -37 22 -51 -74 21 96 -92 35 -86 71 98 -68 39 -15 -38 91 -61 38 76 39 45 -96 84 81 35 44 -95 
13 -85 93 7 47 45 19 -80 37 -31 -98 -32 99 -54 31 12 96 -8 -57 31 -46 15 14 93 -47 -22 67 -33 -70 -27 -19 -51 -15 -45 -88 -31 31 76 -53 54 
-21 -11 32 12 -27 98 -45 30 93 -45 -10 37 -31 -39 -50 -33 -51 96 53 -49 -80 24 95 -85 -22 -77 99 -7 91 69 72 98 85 86 -58 -17 85 -41 -66 93 
-28 -57 8 91 -21 -59 27 -88 -70 -25 -27 -30 -1 36 -81 -26 -35 0 -24 97 -97 -73 79 61 26 55 -27 70 48 -21 -99 76 32 -99 -26 55 19 90 21 -12 
-84 -92 94 63 -17 -14 21 75 42 77 -92 63 91 22 62 91 75 88 -52 3 -35 -63 7 75 -2 -3 -49 9 11 44 -89 -79 88 12 -59 -9 -64 63 93 -69 
68 61 99 -91 62 60 -83 -70 -10 -35 44 -5 -89 -3 -94 71 -63 79 -7 54 24 26 -35 49 -5 -33 -34 -1 56 -42 -79 71 59 -67 -31 66 -83 -28 77 -38 
93 97 -23 -85 47 93 -58 37 -92 77 25 17 -68 0 4 10 -75 1 -38 83 48 -30 18 -52 92 85 33 19 96 -26 14 16 -54 -26 12 80 -30 -1 -18 64 
-52 -86 99 25 -66 45 -7 91 -18 24 6 -53 30 -99 49 61 -54 90 -24 9 -96 -44 -29 53 -10 75 -1 -75 53 -88 18 85 -55 -23 -45 -39 72 -13 -7 12 
-12 20 -8 -11 -77 -33 -77 45 -3 -74 65 31 -72 86 -95 0 0 -95 57 91 -60 58 63 -79 -78 -3 31 -6 -32 10 77 -79 -87 -77 -21 96 57 7 -73 -65 
48 -56 59 5 97 -95 -61 -10 -92 -25 -36 -96 64 -70 18 -21 16 36 -20 -86 -39 21 -92 54 -46 -90 -8 52 8 -68 -24 -14 -32 -60 86 94 -76 42 -66 92 
6 17 84 39 -28 -14 84 5 -63 -58 -52 67 -36 78 48 68 41 -81 60 -22 -57 94 6 -23 -72 -21 8 -43 77 34 88 34 -5 -90 -78 7 -10 -28 -10 27 
-85 76 68 44 -30 28 -28 -37 79 -6 -33 -43 70 -17 2 23 -77 72 -82 55 19 -75 69 -21 -52 46 46 94 -100 -2 52 -32 -90 26 8 -18 -42 46 -31 -44 
4 27 13 -92 67 -39 82 30 48 -73 -69 -100 -84 -76 -5 -84 58 18 -24 -17 51 -35 88 -28 64 -93 -51 -2 -69 64 1 25 60 5 35 -37 -32 55 -22 -65 
98 68 -55 89 -93 45 58 82 85 93 69 47 -6 -75 -11 83 3 -15 95 -58 -24 50 -68 81 -80 54 44 -32 34 6 -46 -80 6 -67 99 42 19 -88 62 0 
-30 85 -46 -60 -54 -95 44 -22 45 -50 -66 -37 -94 -90 -28 -18 42 -15 -11 -100 -30 73 -84 99 81 -28 47 -16 46 -28 -74 98 58 73 0 -73 0 -82 -78 9 
1 -39 -92 -13 -27 85 -67 -12 82 5 -99 49 -83 30 46 12 -80 -60 86 25 -76 -95 -85 -2 -97 -72 67 -59 36 -83 15 -5 -97 -55 -42 -77 4 92 6 -56 
-1 4 -7 -1 40 21 63 90 -81 48 80 -4 -55 -20 10 -90 -90 -92 51 -25 15 -86 -66 16 -90 -37 79 -5 -69 12 64 -5 -14 83 53 -76 27 -77 8 -48 
73 41 67 -14 75 -18 -82 -13 -63 -8 66 -45 -75 92 -15 43 -5 7 -61 -68 -99 85 -42 -79 -4 -87 54 -24 48 30 -25 -46 8 -35 62 77 -39 -83 -72 -14 
-96 99 36 45 66 40 -99 27 9 -29 -70 24 45 -1 5 -87 4 50 37 50 -94 -13 43 -17 -69 21 -9 -92 3 -67 63 -25 -83 35 94 -46 73 75 -38 19 
95 64 -3 -59 99 -90 -44 90 -17 60 -72 95 88 -100 97 -79 -2 56 -23 12 -81 -1 -92 -66 -51 39 -100 -84 8 95 -39 -25 55 5 69 47 -48 -22 41 -38 
18 50 -54 -48 -15 46 -99 -49 68 83 74 -38 21 10 -34 93 -96 -8 28 -40 -51 -79 -56 91 69 -37 -31 41 -17 -89 39 68 -78 55 -73 -13 68 -25 -98 -77 
43 53 21 -10 31 45 64 99 30 -9 -61 25 2 23 52 27 -30 8 40 33 -15 -33 90 62 -15 67 -78 75 -43 74 92 16 -9 -88 -18 -76 40 45 54 62 
84 -49 10 16 12 -62 0 -23 -43 -89 -99 51 8 -10 -44 -94 65 15 36 20 -27 1 -94 62 17 7 -48 21 53 -50 19 -69 -6 -31 -89 -51 88 51 74 -80 
-96 86 71 5 -52 15 50 -44 -37 -60 58 -18 2 -67 -93 -64 33 14 -23 -32 41 45 4 44 -71 82 -19 70 65 -14 31 2 12 25 33 11 -98 -70 47 28 
-87 89 56 70 90 -75 -94 98 41 -22 -44 -4 62 -58 70 6 1 -57 78 58 -14 -38 -8 -14 90 -21 -80 -55 -17 -83 -80 -48 79 67 -43 38 -57 22 -91 -68 
6 -38 52 -67 -15 -64 -76 -39 -54 -2 -88 57 4 52 -53 12 -51 28 20 -51 -85 13 63 -75 -10 62 62 55 6 -63 1 -35 -44 -16 -28 -52 -51 -41 15 93 
